··9399 66333 36669 6319·Ι 9993643 33· 3434633
99999 339436 393 ··63199993394,ι3 3436439
3· 99897 05 2202171 ,00,,9 ,9999937933 943891

239—9-8-9-5798-86—1-89-1999995469119400741

3999389, 63933094699799999339339397609
[888888888888888 3433,

3499 333 13669333 ··969999493333 33333331
331999936393636913 439999433 11 3333336
1319883961204464861999994812819106 36871

¹¹ 99339 333633336 339 999433333 369ο9”““““9’ἶ ¹
888888:88888888888:888
61-99334 36 9993633 9·39 9994562 11 “z-*oozam

399333 46 3933439 3399994493 33 ²978610
69933393 39346393 99994433 39Μ3933333

319933643963··339399999433 ιι 9993609
941868 9711983888 379 999430611. 2903815 ¹
1191119867 ·4841940513 279 9994AE 11. 2879166
399363 933939393 339 999417⁶.11 2554655
399364 433939393 989999411011 9390993

09986 2 95 3908339 679. 9994044 33. 2806042

ψ·

1 1

 

