——t———una-u

’97444971414199 979 9998911911 1111446
’·9799 9914181191 9998911 11. 1111401
9991411111919991914111149941

·406545· 99 9· 9989011 11 1481199
4444949978996 999 61.111461111 ·
19449111911119 99188811111441966 ,

41 999188941411999 878 1111118187
799· 99941198 782·970 999 8.868911 1410619
797 8041118 98118101. 9. 9988598 11. 1191141

497191116119111.11198811811.1111611
4497979711 350979869.9899 88411111,1106489

4··17190141,1,11499881,41661041111189161

4 9,998669111;1016140

, 99699791170610419998619111,1040118

 

