mm

σ(4964441.

3 2990999712189869'1 99944444664446444
’ 44690949 6121841894 9989 6476766633 396903

'‘'a———u—-n--n -ι----..-.-.Ι

6 4490944 90448494, 49 9993 643340993996
2246444· 444646446 4444446 64’·66 4446446
4694444 4446446646 4444 4444466444 44494

94444 66 464444· 20 44444446 66· 4444466
‘990862 44464444 44 444444 6466 4446444
66646446 44464464 44 84444444466- 4444464

¹4 0304 4 21675091 99930964 40. 9999609
4946444 444664 444 4444446 44664446444
4444444 4446646444 4444444466444444

96748· 88 21576-0· 15 99577456910. 3339712
44646664464444 44 4444 870199996402
464644 46444 4664 4444 62849199999099

49069999 44477643369Η99739396034197

646644 644646646 4444444 1099 46644
64664644464446 64 99992957909 9991 444

101

 

